
Evaluating: cooccurrence.json
Ground Truth: dataset.json (40 examples)

Example ID   | Seeds        | precision@1  | recall@1     | hit_rate@1   | map@1        | ndcg@1       | precision@5  | recall@5     | hit_rate@5   | map@5        | ndcg@5       | r_precision 
------------------------------------------------------------------------------------------------------------------------------------------------------------------------------------------------
1            | 5            | 0.0000       | 0.0000       | 0.0000       | 0.0000       | 0.0000       | 0.0000       | 0.0000       | 0.0000       | 0.0000       | 0.0000       | 0.0000      
2            | 5            | 0.0000       | 0.0000       | 0.0000       | 0.0000       | 0.0000       | 0.0000       | 0.0000       | 0.0000       | 0.0000       | 0.0000       | 0.0000      
3            | 5            | 0.0000       | 0.0000       | 0.0000       | 0.0000       | 0.0000       | 0.2000       | 0.0179       | 1.0000       | 0.0400       | 0.1312       | 0.1429      
4            | 5            | 0.0000       | 0.0000       | 0.0000       | 0.0000       | 0.0000       | 0.0000       | 0.0000       | 0.0000       | 0.0000       | 0.0000       | 0.0000      
5            | 5            | 0.0000       | 0.0000       | 0.0000       | 0.0000       | 0.0000       | 0.0000       | 0.0000       | 0.0000       | 0.0000       | 0.0000       | 0.0000      
6            | 5            | 0.0000       | 0.0000       | 0.0000       | 0.0000       | 0.0000       | 0.0000       | 0.0000       | 0.0000       | 0.0000       | 0.0000       | 0.0000      
7            | 5            | 0.0000       | 0.0000       | 0.0000       | 0.0000       | 0.0000       | 0.0000       | 0.0000       | 0.0000       | 0.0000       | 0.0000       | 0.0000      
8            | 5            | 0.0000       | 0.0000       | 0.0000       | 0.0000       | 0.0000       | 0.0000       | 0.0000       | 0.0000       | 0.0000       | 0.0000       | 0.0000      
9            | 5            | 0.0000       | 0.0000       | 0.0000       | 0.0000       | 0.0000       | 0.0000       | 0.0000       | 0.0000       | 0.0000       | 0.0000       | 0.0000      
10           | 5            | 0.0000       | 0.0000       | 0.0000       | 0.0000       | 0.0000       | 0.0000       | 0.0000       | 0.0000       | 0.0000       | 0.0000       | 0.0000      
11           | 5            | 0.0000       | 0.0000       | 0.0000       | 0.0000       | 0.0000       | 0.0000       | 0.0000       | 0.0000       | 0.0000       | 0.0000       | 0.0000      
12           | 5            | 1.0000       | 0.0154       | 1.0000       | 1.0000       | 1.0000       | 0.8000       | 0.0615       | 1.0000       | 0.8000       | 0.8688       | 0.2000      
13           | 5            | 0.0000       | 0.0000       | 0.0000       | 0.0000       | 0.0000       | 0.0000       | 0.0000       | 0.0000       | 0.0000       | 0.0000       | 0.0112      
14           | 5            | 0.0000       | 0.0000       | 0.0000       | 0.0000       | 0.0000       | 0.0000       | 0.0000       | 0.0000       | 0.0000       | 0.0000       | 0.0000      
15           | 5            | 1.0000       | 0.0069       | 1.0000       | 1.0000       | 1.0000       | 0.2000       | 0.0069       | 1.0000       | 0.2000       | 0.3392       | 0.0138      
16           | 5            | 0.0000       | 0.0000       | 0.0000       | 0.0000       | 0.0000       | 0.0000       | 0.0000       | 0.0000       | 0.0000       | 0.0000       | 0.0000      
17           | 5            | 0.0000       | 0.0000       | 0.0000       | 0.0000       | 0.0000       | 0.0000       | 0.0000       | 0.0000       | 0.0000       | 0.0000       | 0.0159      
18           | 5            | 0.0000       | 0.0000       | 0.0000       | 0.0000       | 0.0000       | 0.0000       | 0.0000       | 0.0000       | 0.0000       | 0.0000       | 0.0000      
19           | 5            | 0.0000       | 0.0000       | 0.0000       | 0.0000       | 0.0000       | 0.0000       | 0.0000       | 0.0000       | 0.0000       | 0.0000       | 0.0000      
20           | 5            | 0.0000       | 0.0000       | 0.0000       | 0.0000       | 0.0000       | 0.0000       | 0.0000       | 0.0000       | 0.0000       | 0.0000       | 0.0000      
21           | 20           | 0.0000       | 0.0000       | 0.0000       | 0.0000       | 0.0000       | 0.0000       | 0.0000       | 0.0000       | 0.0000       | 0.0000       | 0.0000      
22           | 20           | 0.0000       | 0.0000       | 0.0000       | 0.0000       | 0.0000       | 0.0000       | 0.0000       | 0.0000       | 0.0000       | 0.0000       | 0.0000      
23           | 20           | 0.0000       | 0.0000       | 0.0000       | 0.0000       | 0.0000       | 0.2000       | 0.0244       | 1.0000       | 0.0400       | 0.1312       | 0.1951      
24           | 20           | 0.0000       | 0.0000       | 0.0000       | 0.0000       | 0.0000       | 0.0000       | 0.0000       | 0.0000       | 0.0000       | 0.0000       | 0.0000      
25           | 20           | 0.0000       | 0.0000       | 0.0000       | 0.0000       | 0.0000       | 0.0000       | 0.0000       | 0.0000       | 0.0000       | 0.0000       | 0.0000      
26           | 20           | 0.0000       | 0.0000       | 0.0000       | 0.0000       | 0.0000       | 0.0000       | 0.0000       | 0.0000       | 0.0000       | 0.0000       | 0.0000      
27           | 20           | 0.0000       | 0.0000       | 0.0000       | 0.0000       | 0.0000       | 0.0000       | 0.0000       | 0.0000       | 0.0000       | 0.0000       | 0.0000      
28           | 20           | 0.0000       | 0.0000       | 0.0000       | 0.0000       | 0.0000       | 0.0000       | 0.0000       | 0.0000       | 0.0000       | 0.0000       | 0.0000      
29           | 20           | 0.0000       | 0.0000       | 0.0000       | 0.0000       | 0.0000       | 0.0000       | 0.0000       | 0.0000       | 0.0000       | 0.0000       | 0.0000      
30           | 20           | 0.0000       | 0.0000       | 0.0000       | 0.0000       | 0.0000       | 0.0000       | 0.0000       | 0.0000       | 0.0000       | 0.0000       | 0.0000      
31           | 20           | 0.0000       | 0.0000       | 0.0000       | 0.0000       | 0.0000       | 0.0000       | 0.0000       | 0.0000       | 0.0000       | 0.0000       | 0.0000      
32           | 20           | 1.0000       | 0.0200       | 1.0000       | 1.0000       | 1.0000       | 0.8000       | 0.0800       | 1.0000       | 0.7600       | 0.8539       | 0.2000      
33           | 20           | 0.0000       | 0.0000       | 0.0000       | 0.0000       | 0.0000       | 0.0000       | 0.0000       | 0.0000       | 0.0000       | 0.0000       | 0.0135      
34           | 20           | 0.0000       | 0.0000       | 0.0000       | 0.0000       | 0.0000       | 0.0000       | 0.0000       | 0.0000       | 0.0000       | 0.0000       | 0.0000      
35           | 20           | 1.0000       | 0.0077       | 1.0000       | 1.0000       | 1.0000       | 0.4000       | 0.0154       | 1.0000       | 0.4000       | 0.5531       | 0.0154      
36           | 20           | 0.0000       | 0.0000       | 0.0000       | 0.0000       | 0.0000       | 0.0000       | 0.0000       | 0.0000       | 0.0000       | 0.0000       | 0.0000      
37           | 20           | 0.0000       | 0.0000       | 0.0000       | 0.0000       | 0.0000       | 0.2000       | 0.0208       | 1.0000       | 0.0500       | 0.1461       | 0.0208      
38           | 20           | 0.0000       | 0.0000       | 0.0000       | 0.0000       | 0.0000       | 0.0000       | 0.0000       | 0.0000       | 0.0000       | 0.0000       | 0.0526      
39           | 20           | 0.0000       | 0.0000       | 0.0000       | 0.0000       | 0.0000       | 0.0000       | 0.0000       | 0.0000       | 0.0000       | 0.0000       | 0.0000      
40           | 20           | 0.0000       | 0.0000       | 0.0000       | 0.0000       | 0.0000       | 0.0000       | 0.0000       | 0.0000       | 0.0000       | 0.0000       | 0.0000      
================================================================================================================================================================================================

==================================================
PER-SEED METRICS SUMMARY
==================================================

--- Seed Count: 5 (20 examples) ---
  precision@1 : 0.1000
  recall@1    : 0.0011
  hit_rate@1  : 0.1000
  map@1       : 0.1000
  ndcg@1      : 0.1000
  precision@5 : 0.0600
  recall@5    : 0.0043
  hit_rate@5  : 0.1500
  map@5       : 0.0520
  ndcg@5      : 0.0670
  r_precision : 0.0192

--- Seed Count: 20 (20 examples) ---
  precision@1 : 0.1000
  recall@1    : 0.0014
  hit_rate@1  : 0.1000
  map@1       : 0.1000
  ndcg@1      : 0.1000
  precision@5 : 0.0800
  recall@5    : 0.0070
  hit_rate@5  : 0.2000
  map@5       : 0.0625
  ndcg@5      : 0.0842
  r_precision : 0.0249

==================================================
OVERALL DATASET SUMMARY (40/40 evaluated)
==================================================
  precision@1 : 0.1000
  recall@1    : 0.0012
  hit_rate@1  : 0.1000
  map@1       : 0.1000
  ndcg@1      : 0.1000
  precision@5 : 0.0700
  recall@5    : 0.0057
  hit_rate@5  : 0.1750
  map@5       : 0.0573
  ndcg@5      : 0.0756
  r_precision : 0.0220
==================================================

