Historical result: twenty-input run. Current forty-input results are in
cooccurrence_baseline_result2.txt; the original table below is preserved.

Evaluating: cooccurrence.json
Ground Truth: dataset.json (20 examples)

Example ID   | precision@1  | recall@1     | hit_rate@1   | map@1        | ndcg@1       | precision@5  | recall@5     | hit_rate@5   | map@5        | ndcg@5       | precision@10 | recall@10    | hit_rate@10  | map@10       | ndcg@10      | r_precision 
------------------------------------------------------------------------------------------------------------------------------------------------------------------------------------------------------------------------------------------------------------
1            | 0.0000       | 0.0000       | 0.0000       | 0.0000       | 0.0000       | 0.0000       | 0.0000       | 0.0000       | 0.0000       | 0.0000       | 0.0000       | 0.0000       | 0.0000       | 0.0000       | 0.0000       | 0.0000      
2            | 0.0000       | 0.0000       | 0.0000       | 0.0000       | 0.0000       | 0.0000       | 0.0000       | 0.0000       | 0.0000       | 0.0000       | 0.0000       | 0.0000       | 0.0000       | 0.0000       | 0.0000       | 0.0154      
3            | 0.0000       | 0.0000       | 0.0000       | 0.0000       | 0.0000       | 0.4000       | 0.0357       | 1.0000       | 0.1667       | 0.3156       | 0.4000       | 0.0714       | 1.0000       | 0.1567       | 0.3347       | 0.0893      
4            | 0.0000       | 0.0000       | 0.0000       | 0.0000       | 0.0000       | 0.0000       | 0.0000       | 0.0000       | 0.0000       | 0.0000       | 0.0000       | 0.0000       | 0.0000       | 0.0000       | 0.0000       | 0.0000      
5            | 0.0000       | 0.0000       | 0.0000       | 0.0000       | 0.0000       | 0.0000       | 0.0000       | 0.0000       | 0.0000       | 0.0000       | 0.0000       | 0.0000       | 0.0000       | 0.0000       | 0.0000       | 0.0000      
6            | 0.0000       | 0.0000       | 0.0000       | 0.0000       | 0.0000       | 0.0000       | 0.0000       | 0.0000       | 0.0000       | 0.0000       | 0.0000       | 0.0000       | 0.0000       | 0.0000       | 0.0000       | 0.0000      
7            | 0.0000       | 0.0000       | 0.0000       | 0.0000       | 0.0000       | 0.0000       | 0.0000       | 0.0000       | 0.0000       | 0.0000       | 0.0000       | 0.0000       | 0.0000       | 0.0000       | 0.0000       | 0.0000      
8            | 0.0000       | 0.0000       | 0.0000       | 0.0000       | 0.0000       | 0.0000       | 0.0000       | 0.0000       | 0.0000       | 0.0000       | 0.0000       | 0.0000       | 0.0000       | 0.0000       | 0.0000       | 0.0000      
9            | 0.0000       | 0.0000       | 0.0000       | 0.0000       | 0.0000       | 0.0000       | 0.0000       | 0.0000       | 0.0000       | 0.0000       | 0.0000       | 0.0000       | 0.0000       | 0.0000       | 0.0000       | 0.0000      
10           | 0.0000       | 0.0000       | 0.0000       | 0.0000       | 0.0000       | 0.0000       | 0.0000       | 0.0000       | 0.0000       | 0.0000       | 0.0000       | 0.0000       | 0.0000       | 0.0000       | 0.0000       | 0.0000      
11           | 0.0000       | 0.0000       | 0.0000       | 0.0000       | 0.0000       | 0.0000       | 0.0000       | 0.0000       | 0.0000       | 0.0000       | 0.0000       | 0.0000       | 0.0000       | 0.0000       | 0.0000       | 0.0000      
12           | 0.0000       | 0.0000       | 0.0000       | 0.0000       | 0.0000       | 0.8000       | 0.0615       | 1.0000       | 0.5433       | 0.6608       | 0.9000       | 0.1385       | 1.0000       | 0.7071       | 0.7799       | 0.2000      
13           | 0.0000       | 0.0000       | 0.0000       | 0.0000       | 0.0000       | 0.2000       | 0.0112       | 1.0000       | 0.0500       | 0.1461       | 0.1000       | 0.0112       | 1.0000       | 0.0250       | 0.0948       | 0.0112      
14           | 0.0000       | 0.0000       | 0.0000       | 0.0000       | 0.0000       | 0.0000       | 0.0000       | 0.0000       | 0.0000       | 0.0000       | 0.0000       | 0.0000       | 0.0000       | 0.0000       | 0.0000       | 0.0000      
15           | 0.0000       | 0.0000       | 0.0000       | 0.0000       | 0.0000       | 0.2000       | 0.0069       | 1.0000       | 0.1000       | 0.2140       | 0.1000       | 0.0069       | 1.0000       | 0.0500       | 0.1389       | 0.0138      
16           | 0.0000       | 0.0000       | 0.0000       | 0.0000       | 0.0000       | 0.0000       | 0.0000       | 0.0000       | 0.0000       | 0.0000       | 0.0000       | 0.0000       | 0.0000       | 0.0000       | 0.0000       | 0.0000      
17           | 0.0000       | 0.0000       | 0.0000       | 0.0000       | 0.0000       | 0.0000       | 0.0000       | 0.0000       | 0.0000       | 0.0000       | 0.0000       | 0.0000       | 0.0000       | 0.0000       | 0.0000       | 0.0000      
18           | 0.0000       | 0.0000       | 0.0000       | 0.0000       | 0.0000       | 0.0000       | 0.0000       | 0.0000       | 0.0000       | 0.0000       | 0.0000       | 0.0000       | 0.0000       | 0.0000       | 0.0000       | 0.0000      
19           | 0.0000       | 0.0000       | 0.0000       | 0.0000       | 0.0000       | 0.0000       | 0.0000       | 0.0000       | 0.0000       | 0.0000       | 0.0000       | 0.0000       | 0.0000       | 0.0000       | 0.0000       | 0.0000      
20           | 0.0000       | 0.0000       | 0.0000       | 0.0000       | 0.0000       | 0.0000       | 0.0000       | 0.0000       | 0.0000       | 0.0000       | 0.0000       | 0.0000       | 0.0000       | 0.0000       | 0.0000       | 0.0000      
============================================================================================================================================================================================================================================================
MEAN AGGREGATED METRICS:
  precision@1  : 0.0000
  recall@1     : 0.0000
  hit_rate@1   : 0.0000
  map@1        : 0.0000
  ndcg@1       : 0.0000
  precision@5  : 0.0800
  recall@5     : 0.0058
  hit_rate@5   : 0.2000
  map@5        : 0.0430
  ndcg@5       : 0.0668
  precision@10 : 0.0750
  recall@10    : 0.0114
  hit_rate@10  : 0.2000
  map@10       : 0.0469
  ndcg@10      : 0.0674
  r_precision  : 0.0165
============================================================================================================================================================================================================================================================

