
Evaluating: llm_qwen.json
Ground Truth: dataset.json (40 examples)

Example ID   | Seeds        | precision@1  | recall@1     | hit_rate@1   | map@1        | ndcg@1       | precision@5  | recall@5     | hit_rate@5   | map@5        | ndcg@5       | r_precision 
------------------------------------------------------------------------------------------------------------------------------------------------------------------------------------------------
1            | 5            | 0.0000       | 0.0000       | 0.0000       | 0.0000       | 0.0000       | 0.0000       | 0.0000       | 0.0000       | 0.0000       | 0.0000       | 0.0000      
2            | 5            | 0.0000       | 0.0000       | 0.0000       | 0.0000       | 0.0000       | 0.2000       | 0.0154       | 1.0000       | 0.0667       | 0.1696       | 0.0154      
3            | 5            | 0.0000       | 0.0000       | 0.0000       | 0.0000       | 0.0000       | 0.0000       | 0.0000       | 0.0000       | 0.0000       | 0.0000       | 0.0000      
4            | 5            | 0.0000       | 0.0000       | 0.0000       | 0.0000       | 0.0000       | 0.0000       | 0.0000       | 0.0000       | 0.0000       | 0.0000       | 0.0000      
5            | 5            | 0.0000       | 0.0000       | 0.0000       | 0.0000       | 0.0000       | 0.0000       | 0.0000       | 0.0000       | 0.0000       | 0.0000       | 0.0000      
6            | 5            | 0.0000       | 0.0000       | 0.0000       | 0.0000       | 0.0000       | 0.0000       | 0.0000       | 0.0000       | 0.0000       | 0.0000       | 0.0000      
7            | 5            | 0.0000       | 0.0000       | 0.0000       | 0.0000       | 0.0000       | 0.0000       | 0.0000       | 0.0000       | 0.0000       | 0.0000       | 0.0000      
8            | 5            | 0.0000       | 0.0000       | 0.0000       | 0.0000       | 0.0000       | 0.0000       | 0.0000       | 0.0000       | 0.0000       | 0.0000       | 0.0000      
9            | 5            | 0.0000       | 0.0000       | 0.0000       | 0.0000       | 0.0000       | 0.0000       | 0.0000       | 0.0000       | 0.0000       | 0.0000       | 0.0000      
10           | 5            | 0.0000       | 0.0000       | 0.0000       | 0.0000       | 0.0000       | 0.0000       | 0.0000       | 0.0000       | 0.0000       | 0.0000       | 0.0000      
11           | 5            | 0.0000       | 0.0000       | 0.0000       | 0.0000       | 0.0000       | 0.0000       | 0.0000       | 0.0000       | 0.0000       | 0.0000       | 0.0000      
12           | 5            | 0.0000       | 0.0000       | 0.0000       | 0.0000       | 0.0000       | 0.2000       | 0.0154       | 1.0000       | 0.0500       | 0.1461       | 0.0154      
13           | 5            | 0.0000       | 0.0000       | 0.0000       | 0.0000       | 0.0000       | 0.0000       | 0.0000       | 0.0000       | 0.0000       | 0.0000       | 0.0000      
14           | 5            | 0.0000       | 0.0000       | 0.0000       | 0.0000       | 0.0000       | 0.0000       | 0.0000       | 0.0000       | 0.0000       | 0.0000       | 0.0000      
15           | 5            | 0.0000       | 0.0000       | 0.0000       | 0.0000       | 0.0000       | 0.0000       | 0.0000       | 0.0000       | 0.0000       | 0.0000       | 0.0000      
16           | 5            | 0.0000       | 0.0000       | 0.0000       | 0.0000       | 0.0000       | 0.0000       | 0.0000       | 0.0000       | 0.0000       | 0.0000       | 0.0000      
17           | 5            | 0.0000       | 0.0000       | 0.0000       | 0.0000       | 0.0000       | 0.0000       | 0.0000       | 0.0000       | 0.0000       | 0.0000       | 0.0000      
18           | 5            | 0.0000       | 0.0000       | 0.0000       | 0.0000       | 0.0000       | 0.0000       | 0.0000       | 0.0000       | 0.0000       | 0.0000       | 0.0000      
19           | 5            | 0.0000       | 0.0000       | 0.0000       | 0.0000       | 0.0000       | 0.0000       | 0.0000       | 0.0000       | 0.0000       | 0.0000       | 0.0000      
20           | 5            | 0.0000       | 0.0000       | 0.0000       | 0.0000       | 0.0000       | 0.0000       | 0.0000       | 0.0000       | 0.0000       | 0.0000       | 0.0000      
21           | 20           | 0.0000       | 0.0000       | 0.0000       | 0.0000       | 0.0000       | 0.0000       | 0.0000       | 0.0000       | 0.0000       | 0.0000       | 0.0000      
22           | 20           | 0.0000       | 0.0000       | 0.0000       | 0.0000       | 0.0000       | 0.4000       | 0.0400       | 1.0000       | 0.1800       | 0.3452       | 0.0400      
23           | 20           | 0.0000       | 0.0000       | 0.0000       | 0.0000       | 0.0000       | 0.0000       | 0.0000       | 0.0000       | 0.0000       | 0.0000       | 0.0000      
24           | 20           | 0.0000       | 0.0000       | 0.0000       | 0.0000       | 0.0000       | 0.0000       | 0.0000       | 0.0000       | 0.0000       | 0.0000       | 0.0000      
25           | 20           | 0.0000       | 0.0000       | 0.0000       | 0.0000       | 0.0000       | 0.0000       | 0.0000       | 0.0000       | 0.0000       | 0.0000       | 0.0000      
26           | 20           | 0.0000       | 0.0000       | 0.0000       | 0.0000       | 0.0000       | 0.0000       | 0.0000       | 0.0000       | 0.0000       | 0.0000       | 0.0000      
27           | 20           | 0.0000       | 0.0000       | 0.0000       | 0.0000       | 0.0000       | 0.0000       | 0.0000       | 0.0000       | 0.0000       | 0.0000       | 0.0000      
28           | 20           | 0.0000       | 0.0000       | 0.0000       | 0.0000       | 0.0000       | 0.0000       | 0.0000       | 0.0000       | 0.0000       | 0.0000       | 0.0000      
29           | 20           | 0.0000       | 0.0000       | 0.0000       | 0.0000       | 0.0000       | 0.0000       | 0.0000       | 0.0000       | 0.0000       | 0.0000       | 0.0000      
30           | 20           | 0.0000       | 0.0000       | 0.0000       | 0.0000       | 0.0000       | 0.0000       | 0.0000       | 0.0000       | 0.0000       | 0.0000       | 0.0000      
31           | 20           | 0.0000       | 0.0000       | 0.0000       | 0.0000       | 0.0000       | 0.0000       | 0.0000       | 0.0000       | 0.0000       | 0.0000       | 0.0000      
32           | 20           | 0.0000       | 0.0000       | 0.0000       | 0.0000       | 0.0000       | 0.0000       | 0.0000       | 0.0000       | 0.0000       | 0.0000       | 0.0000      
33           | 20           | 0.0000       | 0.0000       | 0.0000       | 0.0000       | 0.0000       | 0.0000       | 0.0000       | 0.0000       | 0.0000       | 0.0000       | 0.0000      
34           | 20           | 0.0000       | 0.0000       | 0.0000       | 0.0000       | 0.0000       | 0.0000       | 0.0000       | 0.0000       | 0.0000       | 0.0000       | 0.0000      
35           | 20           | 0.0000       | 0.0000       | 0.0000       | 0.0000       | 0.0000       | 0.0000       | 0.0000       | 0.0000       | 0.0000       | 0.0000       | 0.0000      
36           | 20           | 0.0000       | 0.0000       | 0.0000       | 0.0000       | 0.0000       | 0.0000       | 0.0000       | 0.0000       | 0.0000       | 0.0000       | 0.0000      
37           | 20           | 0.0000       | 0.0000       | 0.0000       | 0.0000       | 0.0000       | 0.0000       | 0.0000       | 0.0000       | 0.0000       | 0.0000       | 0.0000      
38           | 20           | 0.0000       | 0.0000       | 0.0000       | 0.0000       | 0.0000       | 0.0000       | 0.0000       | 0.0000       | 0.0000       | 0.0000       | 0.0000      
39           | 20           | 0.0000       | 0.0000       | 0.0000       | 0.0000       | 0.0000       | 0.0000       | 0.0000       | 0.0000       | 0.0000       | 0.0000       | 0.0000      
40           | 20           | 0.0000       | 0.0000       | 0.0000       | 0.0000       | 0.0000       | 0.0000       | 0.0000       | 0.0000       | 0.0000       | 0.0000       | 0.0000      
================================================================================================================================================================================================

==================================================
PER-SEED METRICS SUMMARY
==================================================

--- Seed Count: 5 (20 examples) ---
  precision@1 : 0.0000
  recall@1    : 0.0000
  hit_rate@1  : 0.0000
  map@1       : 0.0000
  ndcg@1      : 0.0000
  precision@5 : 0.0200
  recall@5    : 0.0015
  hit_rate@5  : 0.1000
  map@5       : 0.0058
  ndcg@5      : 0.0158
  r_precision : 0.0015

--- Seed Count: 20 (20 examples) ---
  precision@1 : 0.0000
  recall@1    : 0.0000
  hit_rate@1  : 0.0000
  map@1       : 0.0000
  ndcg@1      : 0.0000
  precision@5 : 0.0200
  recall@5    : 0.0020
  hit_rate@5  : 0.0500
  map@5       : 0.0090
  ndcg@5      : 0.0173
  r_precision : 0.0020

==================================================
OVERALL DATASET SUMMARY (40/40 evaluated)
==================================================
  precision@1 : 0.0000
  recall@1    : 0.0000
  hit_rate@1  : 0.0000
  map@1       : 0.0000
  ndcg@1      : 0.0000
  precision@5 : 0.0200
  recall@5    : 0.0018
  hit_rate@5  : 0.0750
  map@5       : 0.0074
  ndcg@5      : 0.0165
  r_precision : 0.0018
==================================================

