
Evaluating: ytm_native.json
Ground Truth: dataset.json (40 examples)

Example ID   | Seeds        | precision@1  | recall@1     | hit_rate@1   | map@1        | ndcg@1       | precision@5  | recall@5     | hit_rate@5   | map@5        | ndcg@5       | r_precision 
------------------------------------------------------------------------------------------------------------------------------------------------------------------------------------------------
1            | 5            | 0.0000       | 0.0000       | 0.0000       | 0.0000       | 0.0000       | 0.0000       | 0.0000       | 0.0000       | 0.0000       | 0.0000       | 0.0000      
2            | 5            | 1.0000       | 0.0154       | 1.0000       | 1.0000       | 1.0000       | 0.6000       | 0.0462       | 1.0000       | 0.4833       | 0.6548       | 0.0769      
3            | 5            | 1.0000       | 0.0179       | 1.0000       | 1.0000       | 1.0000       | 0.2000       | 0.0179       | 1.0000       | 0.2000       | 0.3392       | 0.0357      
4            | 5            | 0.0000       | 0.0000       | 0.0000       | 0.0000       | 0.0000       | 0.0000       | 0.0000       | 0.0000       | 0.0000       | 0.0000       | 0.0000      
5            | 5            | 0.0000       | 0.0000       | 0.0000       | 0.0000       | 0.0000       | 0.0000       | 0.0000       | 0.0000       | 0.0000       | 0.0000       | 0.0000      
6            | 5            | 0.0000       | 0.0000       | 0.0000       | 0.0000       | 0.0000       | 0.0000       | 0.0000       | 0.0000       | 0.0000       | 0.0000       | 0.0000      
7            | 5            | 0.0000       | 0.0000       | 0.0000       | 0.0000       | 0.0000       | 0.0000       | 0.0000       | 0.0000       | 0.0000       | 0.0000       | 0.0000      
8            | 5            | 0.0000       | 0.0000       | 0.0000       | 0.0000       | 0.0000       | 0.0000       | 0.0000       | 0.0000       | 0.0000       | 0.0000       | 0.0000      
9            | 5            | 0.0000       | 0.0000       | 0.0000       | 0.0000       | 0.0000       | 0.0000       | 0.0000       | 0.0000       | 0.0000       | 0.0000       | 0.0000      
10           | 5            | 0.0000       | 0.0000       | 0.0000       | 0.0000       | 0.0000       | 0.0000       | 0.0000       | 0.0000       | 0.0000       | 0.0000       | 0.0000      
11           | 5            | 0.0000       | 0.0000       | 0.0000       | 0.0000       | 0.0000       | 0.0000       | 0.0000       | 0.0000       | 0.0000       | 0.0000       | 0.0000      
12           | 5            | 1.0000       | 0.0154       | 1.0000       | 1.0000       | 1.0000       | 0.4000       | 0.0308       | 1.0000       | 0.3333       | 0.5087       | 0.0615      
13           | 5            | 0.0000       | 0.0000       | 0.0000       | 0.0000       | 0.0000       | 0.0000       | 0.0000       | 0.0000       | 0.0000       | 0.0000       | 0.0000      
14           | 5            | 0.0000       | 0.0000       | 0.0000       | 0.0000       | 0.0000       | 0.0000       | 0.0000       | 0.0000       | 0.0000       | 0.0000       | 0.0000      
15           | 5            | 0.0000       | 0.0000       | 0.0000       | 0.0000       | 0.0000       | 0.2000       | 0.0069       | 1.0000       | 0.0500       | 0.1461       | 0.0069      
16           | 5            | 0.0000       | 0.0000       | 0.0000       | 0.0000       | 0.0000       | 0.2000       | 0.0286       | 1.0000       | 0.0500       | 0.1461       | 0.0286      
17           | 5            | 1.0000       | 0.0159       | 1.0000       | 1.0000       | 1.0000       | 0.4000       | 0.0317       | 1.0000       | 0.3333       | 0.5087       | 0.0952      
18           | 5            | 0.0000       | 0.0000       | 0.0000       | 0.0000       | 0.0000       | 0.0000       | 0.0000       | 0.0000       | 0.0000       | 0.0000       | 0.0000      
19           | 5            | 0.0000       | 0.0000       | 0.0000       | 0.0000       | 0.0000       | 0.2000       | 0.0038       | 1.0000       | 0.0400       | 0.1312       | 0.0038      
20           | 5            | 1.0000       | 0.0093       | 1.0000       | 1.0000       | 1.0000       | 0.4000       | 0.0187       | 1.0000       | 0.3333       | 0.5087       | 0.0374      
21           | 20           | 0.0000       | 0.0000       | 0.0000       | 0.0000       | 0.0000       | 0.0000       | 0.0000       | 0.0000       | 0.0000       | 0.0000       | 0.0000      
22           | 20           | 0.0000       | 0.0000       | 0.0000       | 0.0000       | 0.0000       | 0.0000       | 0.0000       | 0.0000       | 0.0000       | 0.0000       | 0.0800      
23           | 20           | 0.0000       | 0.0000       | 0.0000       | 0.0000       | 0.0000       | 0.4000       | 0.0488       | 1.0000       | 0.1300       | 0.2773       | 0.0488      
24           | 20           | 0.0000       | 0.0000       | 0.0000       | 0.0000       | 0.0000       | 0.0000       | 0.0000       | 0.0000       | 0.0000       | 0.0000       | 0.0000      
25           | 20           | 0.0000       | 0.0000       | 0.0000       | 0.0000       | 0.0000       | 0.0000       | 0.0000       | 0.0000       | 0.0000       | 0.0000       | 0.0000      
26           | 20           | 0.0000       | 0.0000       | 0.0000       | 0.0000       | 0.0000       | 0.0000       | 0.0000       | 0.0000       | 0.0000       | 0.0000       | 0.0000      
27           | 20           | 0.0000       | 0.0000       | 0.0000       | 0.0000       | 0.0000       | 0.0000       | 0.0000       | 0.0000       | 0.0000       | 0.0000       | 0.0133      
28           | 20           | 0.0000       | 0.0000       | 0.0000       | 0.0000       | 0.0000       | 0.0000       | 0.0000       | 0.0000       | 0.0000       | 0.0000       | 0.0000      
29           | 20           | 0.0000       | 0.0000       | 0.0000       | 0.0000       | 0.0000       | 0.0000       | 0.0000       | 0.0000       | 0.0000       | 0.0000       | 0.0000      
30           | 20           | 0.0000       | 0.0000       | 0.0000       | 0.0000       | 0.0000       | 0.0000       | 0.0000       | 0.0000       | 0.0000       | 0.0000       | 0.0333      
31           | 20           | 0.0000       | 0.0000       | 0.0000       | 0.0000       | 0.0000       | 0.0000       | 0.0000       | 0.0000       | 0.0000       | 0.0000       | 0.0000      
32           | 20           | 0.0000       | 0.0000       | 0.0000       | 0.0000       | 0.0000       | 0.0000       | 0.0000       | 0.0000       | 0.0000       | 0.0000       | 0.0200      
33           | 20           | 0.0000       | 0.0000       | 0.0000       | 0.0000       | 0.0000       | 0.0000       | 0.0000       | 0.0000       | 0.0000       | 0.0000       | 0.0000      
34           | 20           | 0.0000       | 0.0000       | 0.0000       | 0.0000       | 0.0000       | 0.2000       | 0.0400       | 1.0000       | 0.0500       | 0.1461       | 0.0400      
35           | 20           | 0.0000       | 0.0000       | 0.0000       | 0.0000       | 0.0000       | 0.0000       | 0.0000       | 0.0000       | 0.0000       | 0.0000       | 0.0000      
36           | 20           | 0.0000       | 0.0000       | 0.0000       | 0.0000       | 0.0000       | 0.2000       | 0.0500       | 1.0000       | 0.1000       | 0.2140       | 0.0500      
37           | 20           | 1.0000       | 0.0208       | 1.0000       | 1.0000       | 1.0000       | 0.2000       | 0.0208       | 1.0000       | 0.2000       | 0.3392       | 0.0625      
38           | 20           | 0.0000       | 0.0000       | 0.0000       | 0.0000       | 0.0000       | 0.0000       | 0.0000       | 0.0000       | 0.0000       | 0.0000       | 0.0526      
39           | 20           | 0.0000       | 0.0000       | 0.0000       | 0.0000       | 0.0000       | 0.2000       | 0.0040       | 1.0000       | 0.0400       | 0.1312       | 0.0040      
40           | 20           | 1.0000       | 0.0109       | 1.0000       | 1.0000       | 1.0000       | 0.4000       | 0.0217       | 1.0000       | 0.3000       | 0.4852       | 0.0326      
================================================================================================================================================================================================

==================================================
PER-SEED METRICS SUMMARY
==================================================

--- Seed Count: 5 (20 examples) ---
  precision@1 : 0.2500
  recall@1    : 0.0037
  hit_rate@1  : 0.2500
  map@1       : 0.2500
  ndcg@1      : 0.2500
  precision@5 : 0.1300
  recall@5    : 0.0092
  hit_rate@5  : 0.4000
  map@5       : 0.0912
  ndcg@5      : 0.1472
  r_precision : 0.0173

--- Seed Count: 20 (20 examples) ---
  precision@1 : 0.1000
  recall@1    : 0.0016
  hit_rate@1  : 0.1000
  map@1       : 0.1000
  ndcg@1      : 0.1000
  precision@5 : 0.0800
  recall@5    : 0.0093
  hit_rate@5  : 0.3000
  map@5       : 0.0410
  ndcg@5      : 0.0796
  r_precision : 0.0219

==================================================
OVERALL DATASET SUMMARY (40/40 evaluated)
==================================================
  precision@1 : 0.1750
  recall@1    : 0.0026
  hit_rate@1  : 0.1750
  map@1       : 0.1750
  ndcg@1      : 0.1750
  precision@5 : 0.1050
  recall@5    : 0.0092
  hit_rate@5  : 0.3500
  map@5       : 0.0661
  ndcg@5      : 0.1134
  r_precision : 0.0196
==================================================

